1 W: [0.3225467  0.78177065 0.6535751  0.36049464 0.52013576 0.24731962
 0.5594482  0.25720614 0.6107552  0.4105305 ] RUN_LOSS 1.4929802 VAL_LOSS 2.7076135 MAE_LOSS 1.352562 Rp 0.6055843825486197
2 W: [0.43495852 0.7458237  0.7515565  0.46055365 0.5352357  0.21387704
 0.5930949  0.21427172 0.59217316 0.43275952] RUN_LOSS 1.3330197 VAL_LOSS 2.8640373 MAE_LOSS 1.3790121 Rp 0.627170878037004
3 W: [0.47106433 0.76690245 0.8339858  0.49175128 0.51046443 0.19728617
 0.5874359  0.22180237 0.5699218  0.4463893 ] RUN_LOSS 1.2931603 VAL_LOSS 2.60047 MAE_LOSS 1.3019121 Rp 0.6299770106518833
4 W: [0.5325012  0.773851   0.83250463 0.52014846 0.50763917 0.25064296
 0.59299153 0.27695048 0.5005985  0.48386428] RUN_LOSS 1.2857989 VAL_LOSS 2.5009415 MAE_LOSS 1.267154 Rp 0.6534566822898104
5 W: [0.5374317  0.84080017 0.87076837 0.54622626 0.5087919  0.2015601
 0.6137075  0.25067797 0.5126373  0.46528777] RUN_LOSS 1.2374932 VAL_LOSS 2.4464903 MAE_LOSS 1.2599885 Rp 0.6577934592960801
6 W: [0.5915096  0.8385511  0.8731762  0.60726964 0.49280745 0.18384069
 0.6010701  0.25718102 0.5192839  0.4577228 ] RUN_LOSS 1.2366802 VAL_LOSS 2.4850154 MAE_LOSS 1.25418 Rp 0.6711817028118087
7 W: [0.65007824 0.8703872  0.87436974 0.637998   0.48470134 0.1645752
 0.5976106  0.25368765 0.5112064  0.45533305] RUN_LOSS 1.2375575 VAL_LOSS 2.3180144 MAE_LOSS 1.2336365 Rp 0.6716939491232965
8 W: [0.65941614 0.9019456  0.89525276 0.6721687  0.47755918 0.12855883
 0.5957347  0.24931772 0.5235486  0.43357074] RUN_LOSS 1.2066065 VAL_LOSS 2.3400671 MAE_LOSS 1.2497689 Rp 0.6713782053116527
9 W: [0.6499875  0.8597833  0.8486683  0.6865059  0.47696015 0.18991417
 0.55664796 0.30116084 0.5061634  0.45596725] RUN_LOSS 1.2029214 VAL_LOSS 2.5572746 MAE_LOSS 1.276243 Rp 0.672063984594995
10 W: [0.6673007  0.89514846 0.8755131  0.70145005 0.4806899  0.15820877
 0.57111555 0.2685244  0.5198381  0.44129094] RUN_LOSS 1.1950026 VAL_LOSS 2.4339077 MAE_LOSS 1.260321 Rp 0.6791619794834479
11 W: [0.6760211  0.902007   0.8728501  0.71398336 0.48507524 0.16375768
 0.5704986  0.2643817  0.50855577 0.43791616] RUN_LOSS 1.2087618 VAL_LOSS 2.3534093 MAE_LOSS 1.237981 Rp 0.6810298524481707
12 W: [0.72537476 0.92157805 0.8818463  0.74020904 0.48782876 0.1541241
 0.57456344 0.249043   0.5053312  0.42806673] RUN_LOSS 1.1809648 VAL_LOSS 2.534007 MAE_LOSS 1.2790592 Rp 0.6666438450949749
13 W: [0.7561848  0.92434067 0.8881961  0.7530735  0.49831697 0.14164978
 0.5784765  0.2650766  0.49627137 0.4178796 ] RUN_LOSS 1.1690843 VAL_LOSS 2.5687926 MAE_LOSS 1.3182168 Rp 0.6505297507876082
14 W: [0.7544429  0.92189294 0.8853376  0.7490913  0.5025529  0.14984114
 0.5797228  0.26914886 0.49536863 0.42266664] RUN_LOSS 1.1047328 VAL_LOSS 2.1850326 MAE_LOSS 1.1886507 Rp 0.6819776451856217
15 W: [0.75080746 0.9171534  0.8788003  0.7455137  0.50318724 0.15981902
 0.57833517 0.28024668 0.49095476 0.42821044] RUN_LOSS 1.0892392 VAL_LOSS 2.1407537 MAE_LOSS 1.1826749 Rp 0.6913037581137798
16 W: [0.75417006 0.9186791  0.88049614 0.74734145 0.50664365 0.16026583
 0.57813185 0.27895808 0.49194863 0.4267858 ] RUN_LOSS 1.0819976 VAL_LOSS 2.153266 MAE_LOSS 1.1809087 Rp 0.6842283903271434
17 W: [0.7514918  0.91455406 0.87475336 0.74195635 0.5089137  0.16855118
 0.57760125 0.28667587 0.48802263 0.43136835] RUN_LOSS 1.0690541 VAL_LOSS 2.1447427 MAE_LOSS 1.1823444 Rp 0.6915067266952639
18 W: [0.7534724  0.9157963  0.8762006  0.7436211  0.5103136  0.16898775
 0.5795959  0.28518718 0.48985407 0.43147507] RUN_LOSS 1.0681592 VAL_LOSS 2.0501218 MAE_LOSS 1.154817 Rp 0.7028842118843984
19 W: [0.75732774 0.91825646 0.8780914  0.7470658  0.5094139  0.1673871
 0.5792468  0.28359327 0.49140403 0.4296556 ] RUN_LOSS 1.0721658 VAL_LOSS 2.0531857 MAE_LOSS 1.158626 Rp 0.701776085350564
20 W: [0.7543906  0.9145788  0.8724362  0.7426047  0.51229113 0.17594738
 0.5783223  0.29162058 0.48804426 0.43440694] RUN_LOSS 1.0544044 VAL_LOSS 2.055368 MAE_LOSS 1.155485 Rp 0.7013918830867281
21 W: [0.7537766  0.91273123 0.8700267  0.7398477  0.5165217  0.18246529
 0.5789143  0.29484323 0.48702645 0.43710983] RUN_LOSS 1.0530031 VAL_LOSS 2.0883615 MAE_LOSS 1.1600556 Rp 0.69792861217497
22 W: [0.7564751  0.9117973  0.86854804 0.7402291  0.5171895  0.18621743
 0.5794375  0.2968927  0.48642954 0.4381924 ] RUN_LOSS 1.0477995 VAL_LOSS 2.0540514 MAE_LOSS 1.1518062 Rp 0.7008521900493081
23 W: [0.75791276 0.9118885  0.86758524 0.74106675 0.51822513 0.1898716
 0.5786621  0.2988014  0.4858161  0.43889707] RUN_LOSS 1.0439519 VAL_LOSS 2.0320985 MAE_LOSS 1.1545283 Rp 0.705953926384089
24 W: [0.76048464 0.91168404 0.8672894  0.7414082  0.5195703  0.19342315
 0.57862145 0.3005033  0.48616016 0.43969625] RUN_LOSS 1.0393791 VAL_LOSS 2.0257776 MAE_LOSS 1.136211 Rp 0.7108622104527588
25 W: [0.7617897  0.9121258  0.8675313  0.7412689  0.52071834 0.19652805
 0.5801024  0.30085036 0.4869534  0.44027922] RUN_LOSS 1.0356553 VAL_LOSS 1.9938258 MAE_LOSS 1.1326009 Rp 0.7113619955447426
26 W: [0.76616526 0.9132756  0.8679574  0.74404126 0.5206433  0.19698142
 0.5818024  0.2999234  0.4879559  0.43962023] RUN_LOSS 1.029745 VAL_LOSS 1.9806929 MAE_LOSS 1.1292086 Rp 0.7124753283443618
27 W: [0.76827633 0.914301   0.86873627 0.74594295 0.522041   0.19784544
 0.5831902  0.2993272  0.4900309  0.43972686] RUN_LOSS 1.0276059 VAL_LOSS 2.077288 MAE_LOSS 1.1481637 Rp 0.7101413376216017
28 W: [0.76740706 0.9117669  0.86314726 0.7443971  0.52082795 0.20658323
 0.5824339  0.30529073 0.48682058 0.44191918] RUN_LOSS 1.0176927 VAL_LOSS 2.1032012 MAE_LOSS 1.1553147 Rp 0.699671832365762
29 W: [0.76878715 0.9130108  0.86377645 0.74554974 0.5232159  0.20896061
 0.58458626 0.3040779  0.4875083  0.44293043] RUN_LOSS 1.015818 VAL_LOSS 2.019922 MAE_LOSS 1.1324409 Rp 0.7132929465551748
30 W: [0.77320135 0.91614425 0.866481   0.75032324 0.52275413 0.20571211
 0.58682644 0.30186036 0.48994437 0.44067925] RUN_LOSS 1.009372 VAL_LOSS 1.9881108 MAE_LOSS 1.126638 Rp 0.7117510889856884
31 W: [0.77216107 0.91486895 0.86410415 0.74987805 0.52246916 0.21222682
 0.58674973 0.3056829  0.48798802 0.44249   ] RUN_LOSS 1.0049353 VAL_LOSS 2.0054846 MAE_LOSS 1.1380525 Rp 0.7112905814562184
32 W: [0.77236545 0.9133074  0.86022115 0.74756813 0.52328515 0.21842575
 0.58730036 0.3106426  0.48670253 0.44575432] RUN_LOSS 1.0002424 VAL_LOSS 1.9507074 MAE_LOSS 1.1173247 Rp 0.7189871690453825
33 W: [0.7799098  0.9178944  0.86549    0.7534476  0.52639943 0.21319015
 0.59031945 0.3055291  0.49055544 0.4419589 ] RUN_LOSS 0.99249303 VAL_LOSS 1.9429102 MAE_LOSS 1.1174302 Rp 0.7198030322802995
34 W: [0.78149384 0.91711724 0.8627676  0.7527038  0.52648574 0.21774125
 0.5905282  0.30782646 0.48942018 0.4438973 ] RUN_LOSS 0.9848717 VAL_LOSS 2.0139146 MAE_LOSS 1.1187109 Rp 0.7049969065497442
35 W: [0.7823009  0.91558117 0.8604409  0.7507394  0.52628934 0.22307627
 0.59139156 0.31107208 0.48785228 0.44635242] RUN_LOSS 0.98130274 VAL_LOSS 1.9485292 MAE_LOSS 1.119636 Rp 0.7192020875353334
36 W: [0.7863702  0.9169792  0.86205953 0.75241894 0.5274389  0.22243322
 0.5943021  0.31075516 0.4890358  0.44580418] RUN_LOSS 0.97473794 VAL_LOSS 1.8644756 MAE_LOSS 1.0934113 Rp 0.7318193141668201
37 W: [0.79152715 0.91905797 0.8649879  0.7565075  0.529212   0.22074543
 0.59397423 0.3084072  0.49092615 0.444028  ] RUN_LOSS 0.9662779 VAL_LOSS 1.957976 MAE_LOSS 1.1111317 Rp 0.7186370085767978
38 W: [0.79288495 0.9186048  0.8629308  0.7568694  0.5280309  0.22310635
 0.59536016 0.3119072  0.49038264 0.44610697] RUN_LOSS 0.9610683 VAL_LOSS 1.9326626 MAE_LOSS 1.1089981 Rp 0.7227075179996443
39 W: [0.79066813 0.9144954  0.85661966 0.7525877  0.5265396  0.2333873
 0.5947421  0.31895128 0.48714083 0.4502899 ] RUN_LOSS 0.9553764 VAL_LOSS 1.8911306 MAE_LOSS 1.0867587 Rp 0.7303500733639656
40 W: [0.7952052  0.9172544  0.8585533  0.7564093  0.52915305 0.23001614
 0.5973395  0.31688917 0.49015084 0.44918072] RUN_LOSS 0.9518294 VAL_LOSS 2.0669324 MAE_LOSS 1.1236242 Rp 0.7232618126423505
41 W: [0.79990304 0.918938   0.86128056 0.75898767 0.52968097 0.2275576
 0.59890324 0.31625894 0.49107602 0.4473714 ] RUN_LOSS 0.9440954 VAL_LOSS 1.8927867 MAE_LOSS 1.0965155 Rp 0.7296373863974042
42 W: [0.8011603  0.9185569  0.85951436 0.7584447  0.52953094 0.23112977
 0.59672207 0.3185633  0.49047318 0.44771555] RUN_LOSS 0.941173 VAL_LOSS 1.9070008 MAE_LOSS 1.0990605 Rp 0.726883907159424
43 W: [0.80463    0.91934526 0.8597378  0.7609555  0.52592427 0.2311727
 0.6001379  0.31875914 0.49246606 0.44850305] RUN_LOSS 0.9351939 VAL_LOSS 1.9042047 MAE_LOSS 1.0835261 Rp 0.7256128882526676
44 W: [0.8092355  0.92197    0.8626627  0.762219   0.53060085 0.22961546
 0.60120827 0.3172426  0.49460292 0.44721183] RUN_LOSS 0.92585504 VAL_LOSS 1.9353777 MAE_LOSS 1.0813681 Rp 0.7284425979718148
45 W: [0.8110942  0.92209035 0.8625341  0.76239836 0.52868974 0.23109284
 0.60281366 0.31823796 0.49433675 0.44803405] RUN_LOSS 0.92529714 VAL_LOSS 1.919389 MAE_LOSS 1.0994974 Rp 0.7222437461841132
46 W: [0.81169766 0.92014056 0.86050135 0.7614212  0.5298625  0.2347804
 0.6047178  0.32148325 0.49348468 0.44966623] RUN_LOSS 0.9143158 VAL_LOSS 1.9779676 MAE_LOSS 1.1079797 Rp 0.7183897435953761
47 W: [0.8105731  0.9188007  0.8586128  0.760344   0.5300237  0.24016555
 0.6056482  0.324509   0.49171636 0.45147094] RUN_LOSS 0.91308504 VAL_LOSS 1.9188085 MAE_LOSS 1.0871044 Rp 0.7280428934633397
48 W: [0.8172391  0.92348355 0.865149   0.76795685 0.5273307  0.23216939
 0.6092545  0.32034883 0.4967017  0.4479908 ] RUN_LOSS 0.9038672 VAL_LOSS 1.8660127 MAE_LOSS 1.0693357 Rp 0.7372946640747107
49 W: [0.81880164 0.9226848  0.8643624  0.76870924 0.5268135  0.23500898
 0.6087454  0.32192385 0.49491376 0.44913656] RUN_LOSS 0.90052485 VAL_LOSS 1.8446293 MAE_LOSS 1.0734051 Rp 0.7346797044761485
50 W: [0.8158504  0.92107856 0.8617035  0.76458627 0.52714545 0.24024154
 0.6095933  0.3255484  0.49405155 0.45198932] RUN_LOSS 0.8945673 VAL_LOSS 1.8301573 MAE_LOSS 1.0690236 Rp 0.7370426239296124
51 W: [0.8135678  0.9193535  0.85831124 0.7609496  0.5276333  0.24492215
 0.60830355 0.33003557 0.492162   0.4556934 ] RUN_LOSS 0.8914998 VAL_LOSS 1.8140858 MAE_LOSS 1.0561903 Rp 0.7418170393331089
52 W: [0.81953853 0.92356837 0.86418605 0.76578814 0.5281165  0.2392387
 0.61261535 0.32390517 0.49718833 0.45230696] RUN_LOSS 0.8871119 VAL_LOSS 1.8966306 MAE_LOSS 1.0715498 Rp 0.7344973691781238
53 W: [0.8210974  0.9228075  0.8630446  0.76503396 0.52937025 0.2403481
 0.61151314 0.3259496  0.49521095 0.45399937] RUN_LOSS 0.8802024 VAL_LOSS 1.8195779 MAE_LOSS 1.0591822 Rp 0.7385519234570469
54 W: [0.8208758  0.9229663  0.86287445 0.76462954 0.5282709  0.24332492
 0.6128107  0.32772833 0.4959904  0.45609978] RUN_LOSS 0.8685898 VAL_LOSS 1.922862 MAE_LOSS 1.0846176 Rp 0.7329228499044271
55 W: [0.8253258  0.92586875 0.8668142  0.76904523 0.530225   0.23904131
 0.6169742  0.32657272 0.49842036 0.4531656 ] RUN_LOSS 0.8648175 VAL_LOSS 2.008789 MAE_LOSS 1.1070673 Rp 0.7256492571757045
56 W: [0.8258352  0.92556435 0.8663275  0.7680371  0.5295986  0.24159697
 0.6175532  0.32865626 0.4975725  0.45365584] RUN_LOSS 0.8656615 VAL_LOSS 1.8123838 MAE_LOSS 1.0779961 Rp 0.7407453487029622
57 W: [0.82497233 0.92429036 0.8636143  0.76592594 0.5304742  0.24656634
 0.6172867  0.33143106 0.49582696 0.45601583] RUN_LOSS 0.85801625 VAL_LOSS 1.9331404 MAE_LOSS 1.0978361 Rp 0.7197508701111522
58 W: [0.82498616 0.9243025  0.863781   0.7664328  0.5307351  0.24634613
 0.61785233 0.33228746 0.49633068 0.45637098] RUN_LOSS 0.813912 VAL_LOSS 1.8902032 MAE_LOSS 1.0891212 Rp 0.7280609226893179
59 W: [0.8253101  0.92443967 0.86401415 0.766932   0.5309822  0.2462575
 0.6185323  0.33221227 0.4966791  0.45629707] RUN_LOSS 0.8007093 VAL_LOSS 1.8813149 MAE_LOSS 1.0897181 Rp 0.729713702661974
60 W: [0.82545996 0.924481   0.8640771  0.7672093  0.531154   0.2463929
 0.6190635  0.33234915 0.49688515 0.45637178] RUN_LOSS 0.79631704 VAL_LOSS 1.8785697 MAE_LOSS 1.0887431 Rp 0.7310095531436703
61 W: [0.82551944 0.9244551  0.86407083 0.7673642  0.53131455 0.24663225
 0.619508   0.33250675 0.4970438  0.45656756] RUN_LOSS 0.7922194 VAL_LOSS 1.9082092 MAE_LOSS 1.0952307 Rp 0.7285318249149558
62 W: [0.825592   0.92445385 0.8639598  0.7673694  0.53135467 0.24695195
 0.61985236 0.3326272  0.49700457 0.45655617] RUN_LOSS 0.7909907 VAL_LOSS 1.8861779 MAE_LOSS 1.0899853 Rp 0.7287026699024877
63 W: [0.82587546 0.9246539  0.8642146  0.7676979  0.5313821  0.24685305
 0.62032646 0.33247465 0.49738973 0.45654714] RUN_LOSS 0.7870315 VAL_LOSS 1.9029992 MAE_LOSS 1.0957538 Rp 0.7274829224068493
64 W: [0.82580924 0.92459476 0.86409485 0.76760805 0.53136146 0.24698539
 0.6202946  0.33253983 0.49728823 0.45655584] RUN_LOSS 0.780209 VAL_LOSS 1.889552 MAE_LOSS 1.0927705 Rp 0.7281663659057023
65 W: [0.825816   0.9245969  0.86408883 0.76761466 0.53139675 0.2470276
 0.6203415  0.3325553  0.4973203  0.45659116] RUN_LOSS 0.7795551 VAL_LOSS 1.8921479 MAE_LOSS 1.092847 Rp 0.7283388567818697
66 W: [0.82579654 0.9245782  0.8640394  0.76759046 0.53140646 0.24709798
 0.6203749  0.33258942 0.49731323 0.45662314] RUN_LOSS 0.7788366 VAL_LOSS 1.889804 MAE_LOSS 1.0922048 Rp 0.728644791804385
67 W: [0.8257758  0.92456144 0.8640089  0.7675711  0.5314193  0.24717768
 0.62040865 0.3326373  0.49730912 0.45665878] RUN_LOSS 0.77835816 VAL_LOSS 1.8921379 MAE_LOSS 1.0927043 Rp 0.7284704032395828
68 W: [0.8257604  0.9245428  0.8639604  0.7675507  0.531421   0.24725662
 0.62043226 0.33267507 0.49729425 0.45668253] RUN_LOSS 0.7779695 VAL_LOSS 1.890947 MAE_LOSS 1.0925324 Rp 0.7284845108139026
69 W: [0.82578075 0.9245623  0.86397004 0.7675801  0.53143954 0.24725828
 0.6204859  0.33267605 0.4973263  0.4566919 ] RUN_LOSS 0.77762514 VAL_LOSS 1.8909198 MAE_LOSS 1.0923666 Rp 0.728738599464034
70 W: [0.82577866 0.9245604  0.8639663  0.76757634 0.53144073 0.24726607
 0.62048846 0.3326797  0.49732414 0.45669317] RUN_LOSS 0.7765909 VAL_LOSS 1.8907803 MAE_LOSS 1.0923586 Rp 0.7287275083524591
71 W: [0.8257769  0.9245588  0.86396307 0.76757383 0.53144294 0.24727283
 0.6204909  0.3326829  0.49732286 0.45669526] RUN_LOSS 0.7765475 VAL_LOSS 1.8907707 MAE_LOSS 1.0923656 Rp 0.7287185647008231
72 W: [0.8257763  0.9245584  0.8639609  0.7675718  0.53144485 0.24727729
 0.6204942  0.33268481 0.49732196 0.45669577] RUN_LOSS 0.7765042 VAL_LOSS 1.8905448 MAE_LOSS 1.092327 Rp 0.7287249506940319
73 W: [0.82577556 0.92455757 0.8639589  0.7675708  0.5314469  0.24728201
 0.62049687 0.33268666 0.49732172 0.45669636] RUN_LOSS 0.77646494 VAL_LOSS 1.8903687 MAE_LOSS 1.0923034 Rp 0.7287265308050168
74 W: [0.8257751  0.92455727 0.8639574  0.7675703  0.5314488  0.24728677
 0.62050086 0.33268884 0.49732313 0.45669895] RUN_LOSS 0.7764258 VAL_LOSS 1.8905488 MAE_LOSS 1.0923493 Rp 0.7287184926372517
75 W: [0.82577217 0.92455524 0.8639524  0.7675662  0.5314505  0.24729423
 0.62050295 0.33269253 0.49732155 0.45670125] RUN_LOSS 0.7763929 VAL_LOSS 1.8903598 MAE_LOSS 1.0923129 Rp 0.7287244069504284
76 W: [0.82577217 0.92455524 0.8639524  0.7675662  0.5314506  0.24729423
 0.62050295 0.3326925  0.49732155 0.45670134] RUN_LOSS 0.7762824 VAL_LOSS 1.8903687 MAE_LOSS 1.0923159 Rp 0.7287237385461218
77 W: [0.82577205 0.92455524 0.8639523  0.7675662  0.5314508  0.24729429
 0.62050295 0.33269253 0.49732155 0.4567015 ] RUN_LOSS 0.7762795 VAL_LOSS 1.8903817 MAE_LOSS 1.0923203 Rp 0.7287226811836072
78 W: [0.82577205 0.92455524 0.8639523  0.7675662  0.5314511  0.24729432
 0.62050295 0.3326925  0.4973215  0.45670155] RUN_LOSS 0.77627665 VAL_LOSS 1.8903888 MAE_LOSS 1.0923233 Rp 0.7287221187753863
79 W: [0.82577205 0.92455524 0.8639523  0.7675662  0.5314512  0.24729432
 0.62050307 0.3326925  0.4973215  0.45670164] RUN_LOSS 0.7762744 VAL_LOSS 1.890396 MAE_LOSS 1.0923257 Rp 0.7287214968518453
80 W: [0.82577205 0.92455524 0.8639522  0.7675661  0.53145134 0.24729438
 0.62050307 0.33269256 0.4973215  0.4567017 ] RUN_LOSS 0.77627194 VAL_LOSS 1.8904026 MAE_LOSS 1.0923285 Rp 0.7287207506550977
81 W: [0.82577205 0.92455524 0.8639523  0.7675661  0.5314516  0.24729435
 0.6205031  0.33269247 0.4973215  0.4567017 ] RUN_LOSS 0.7762697 VAL_LOSS 1.890407 MAE_LOSS 1.0923302 Rp 0.7287202209509819
82 W: [0.82577205 0.92455524 0.8639523  0.7675662  0.5314518  0.24729432
 0.62050325 0.33269244 0.4973215  0.45670173] RUN_LOSS 0.7762671 VAL_LOSS 1.8904045 MAE_LOSS 1.0923306 Rp 0.7287201025312362
83 W: [0.82577205 0.92455524 0.8639523  0.7675661  0.5314519  0.24729435
 0.62050325 0.33269244 0.4973215  0.4567018 ] RUN_LOSS 0.77626497 VAL_LOSS 1.8904009 MAE_LOSS 1.0923305 Rp 0.7287204320209614
84 W: [0.825772   0.9245551  0.8639522  0.767566   0.5314521  0.24729443
 0.6205032  0.3326925  0.4973215  0.45670187] RUN_LOSS 0.7762627 VAL_LOSS 1.8904048 MAE_LOSS 1.0923322 Rp 0.7287201876961692
85 W: [0.825772   0.9245551  0.8639522  0.767566   0.53145236 0.24729443
 0.62050325 0.3326925  0.4973215  0.45670187] RUN_LOSS 0.7762605 VAL_LOSS 1.8904023 MAE_LOSS 1.0923322 Rp 0.7287202544767071
86 W: [0.825772   0.9245551  0.8639522  0.767566   0.5314524  0.24729446
 0.62050325 0.3326925  0.49732143 0.45670184] RUN_LOSS 0.7762583 VAL_LOSS 1.890401 MAE_LOSS 1.0923322 Rp 0.728720145696764
87 W: [0.825772   0.92455524 0.8639522  0.767566   0.5314524  0.24729441
 0.6205033  0.33269244 0.4973215  0.4567018 ] RUN_LOSS 0.7762561 VAL_LOSS 1.8903924 MAE_LOSS 1.0923305 Rp 0.7287206761496201
88 W: [0.82577205 0.92455524 0.8639522  0.7675661  0.5314526  0.24729435
 0.6205033  0.3326924  0.4973215  0.45670173] RUN_LOSS 0.7762543 VAL_LOSS 1.8903908 MAE_LOSS 1.0923305 Rp 0.728720578909333
89 W: [0.82577205 0.92455524 0.8639523  0.7675661  0.5314528  0.24729435
 0.62050337 0.3326924  0.4973215  0.4567018 ] RUN_LOSS 0.7762521 VAL_LOSS 1.890388 MAE_LOSS 1.0923302 Rp 0.7287207747740106
90 W: [0.82577217 0.92455524 0.8639524  0.7675662  0.53145295 0.24729426
 0.6205034  0.33269235 0.49732155 0.45670184] RUN_LOSS 0.77624977 VAL_LOSS 1.8904002 MAE_LOSS 1.0923333 Rp 0.7287199488316649
91 W: [0.82577217 0.92455524 0.8639524  0.7675662  0.53145313 0.24729423
 0.62050337 0.33269233 0.49732155 0.4567018 ] RUN_LOSS 0.77624786 VAL_LOSS 1.8903937 MAE_LOSS 1.092333 Rp 0.7287205992798977
92 W: [0.82577217 0.92455524 0.8639524  0.7675662  0.5314533  0.24729423
 0.6205034  0.33269227 0.49732155 0.45670173] RUN_LOSS 0.7762459 VAL_LOSS 1.8903836 MAE_LOSS 1.0923308 Rp 0.7287212890547615
93 W: [0.82577217 0.92455524 0.8639524  0.7675662  0.53145355 0.24729423
 0.6205035  0.33269227 0.49732155 0.4567018 ] RUN_LOSS 0.77624387 VAL_LOSS 1.8903913 MAE_LOSS 1.0923328 Rp 0.7287207525865531
94 W: [0.82577217 0.92455536 0.8639524  0.7675662  0.5314537  0.24729417
 0.6205035  0.3326922  0.4973216  0.4567018 ] RUN_LOSS 0.7762419 VAL_LOSS 1.8903918 MAE_LOSS 1.0923339 Rp 0.7287207937960728
95 W: [0.8257723  0.9245554  0.86395246 0.76756626 0.53145397 0.24729405
 0.62050354 0.33269212 0.49732167 0.45670173] RUN_LOSS 0.7762399 VAL_LOSS 1.8903922 MAE_LOSS 1.0923338 Rp 0.7287210853888448
96 W: [0.8257723  0.9245554  0.8639526  0.7675663  0.53145415 0.24729402
 0.6205036  0.33269206 0.49732167 0.45670173] RUN_LOSS 0.77623755 VAL_LOSS 1.8903804 MAE_LOSS 1.0923312 Rp 0.7287225608061343
